[gd_scene format=3 uid="uid://c7f3gpx10qpg"]

[ext_resource type="Script" uid="uid://drq27pn0j210r" path="res://dice.gd" id="1"]
[ext_resource type="Script" uid="uid://c23gm6xyiqttv" path="res://camera_3d.gd" id="2"]
[ext_resource type="Script" uid="uid://bif4jksdkkce0" path="res://level_man.gd" id="3"]
[ext_resource type="FontFile" uid="uid://cfhllliaollkc" path="res://helvmn.ttf" id="4"]
[ext_resource type="Script" uid="uid://cf8w136q2cmw6" path="res://retry_btn.gd" id="5"]
[ext_resource type="Script" uid="uid://dksy2ecv1ej6q" path="res://next_btn.gd" id="6"]
[ext_resource type="Script" uid="uid://du31yegy1kqcg" path="res://exit_btn.gd" id="7"]

[sub_resource type="BoxMesh" id="BoxMesh_0xm2m"]

[sub_resource type="StandardMaterial3D" id="StandardMaterial3D_h2yge"]
albedo_color = Color(0, 1, 1, 1)

[sub_resource type="BoxShape3D" id="BoxShape3D_h2yge"]

[node name="Main" type="Node3D" unique_id=2140290317]
transform = Transform3D(-0.8871639, 0, 0.4614544, 0, 1, 0, -0.4614544, 0, -0.8871639, 0, 0, 0)

[node name="Dice" type="RigidBody3D" parent="." unique_id=1054782821]
transform = Transform3D(0.8807172, 0, 0.4736425, 0, 1, 0, -0.4736425, 0, 0.8807172, 0, 0, 0)
axis_lock_linear_z = true
axis_lock_angular_x = true
axis_lock_angular_y = true
contact_monitor = true
max_contacts_reported = 4
script = ExtResource("1")

[node name="MeshInstance3D" type="MeshInstance3D" parent="Dice" unique_id=730193909]
transform = Transform3D(0.999879, 0, -0.015550255, 0, 1, 0, 0.015550255, 0, 0.999879, 0, 0, 0)
mesh = SubResource("BoxMesh_0xm2m")
surface_material_override/0 = SubResource("StandardMaterial3D_h2yge")

[node name="CollisionShape3D" type="CollisionShape3D" parent="Dice" unique_id=1917690082]
transform = Transform3D(0.9999999, 0, 0, 0, 1, 0, 0, 0, 0.9999999, 0, 0, 0)
shape = SubResource("BoxShape3D_h2yge")

[node name="Camera3D" type="Camera3D" parent="." unique_id=1149550091 node_paths=PackedStringArray("target")]
transform = Transform3D(0.7071067, 0.49999994, -0.49999994, 0, 0.7071067, 0.7071067, 0.7071067, -0.49999994, 0.49999994, -7, 11, 7)
current = true
fov = 54.76355
script = ExtResource("2")
target = NodePath("../Dice")

[node name="LevelMan" type="Node3D" parent="." unique_id=1721344732 node_paths=PackedStringArray("d")]
script = ExtResource("3")
d = NodePath("../Dice")

[node name="DirectionalLight3D" type="DirectionalLight3D" parent="." unique_id=699742414]
transform = Transform3D(0.19622858, -0.5507752, 0.811259, -0.20352398, 0.78644925, 0.58316016, -0.9592039, -0.27954334, 0.042227842, 0.20383711, 3.644868, 0.6489142)

[node name="CanvasLayer" type="CanvasLayer" parent="." unique_id=1081702044]

[node name="AimLabel" type="Label" parent="CanvasLayer" unique_id=621168123]
offset_left = 45.0
offset_top = 62.0
offset_right = 167.0
offset_bottom = 115.0
theme_override_fonts/font = ExtResource("4")

[node name="WinScreen" type="ColorRect" parent="CanvasLayer" unique_id=1374421056]
anchors_preset = 15
anchor_right = 1.0
anchor_bottom = 1.0
grow_horizontal = 2
grow_vertical = 2
color = Color(0, 0, 0, 0.8352941)

[node name="WinTitle" type="Label" parent="CanvasLayer/WinScreen" unique_id=266216445]
layout_mode = 0
offset_left = 544.0
offset_top = 137.0
offset_right = 639.0
offset_bottom = 160.0
theme_override_colors/font_color = Color(1, 1, 1, 1)
theme_override_fonts/font = ExtResource("4")
text = "U GOT THIS"

[node name="WinSubtitleWin" type="Label" parent="CanvasLayer/WinScreen" unique_id=916162355]
visible = false
layout_mode = 0
offset_left = 447.0
offset_top = 243.0
offset_right = 739.0
offset_bottom = 266.0
theme_override_fonts/font = ExtResource("4")
text = "COMPLETE SILVER GOAL 4 NEXT LEVEL"

[node name="RetryBtn" type="Button" parent="CanvasLayer/WinScreen" unique_id=1058935663]
layout_mode = 0
offset_left = 239.0
offset_top = 407.0
offset_right = 307.0
offset_bottom = 438.0
theme_override_fonts/font = ExtResource("4")
text = "RETRY>"
script = ExtResource("5")

[node name="NextBtn" type="Button" parent="CanvasLayer/WinScreen" unique_id=584853772]
layout_mode = 0
offset_left = 543.0
offset_top = 412.0
offset_right = 630.0
offset_bottom = 443.0
theme_override_fonts/font = ExtResource("4")
text = "NEXXXTT"
script = ExtResource("6")

[node name="PrevBtn" type="Button" parent="CanvasLayer/WinScreen" unique_id=1782218664]
layout_mode = 0
offset_left = 824.0
offset_top = 411.0
offset_right = 968.0
offset_bottom = 447.0
text = "PREVIOUS OFC"
script = ExtResource("7")

[node name="PointsLabel" type="Label" parent="CanvasLayer" unique_id=272912217]
offset_left = -3.0
offset_top = -3.0
offset_right = 94.0
offset_bottom = 56.0

[connection signal="body_entered" from="Dice" to="Dice" method="_on_body_entered"]
[connection signal="body_exited" from="Dice" to="Dice" method="_on_body_exited"]
